9
0 33 98 87 76 38 61 50 58
33 0 16 54 34 81 90 1 98
98 16 0 62 83 10 53 83 69
87 54 62 0 62 90 9 65 82
76 34 83 62 0 9 21 39 50
38 81 10 90 9 0 68 32 80
61 90 53 9 21 68 0 55 73
50 1 83 65 39 32 55 0 27
58 98 69 82 50 80 73 27 0