8
0 68 52 28 5 62 29 51
68 0 21 42 43 95 85 91
52 21 0 57 47 58 24 8
28 42 57 0 3 81 78 49
5 43 47 3 0 40 79 54
62 95 58 81 40 0 40 90
29 85 24 78 79 40 0 98
51 91 8 49 54 90 98 0
